(313.91128734279414, 1.7281280363472433)
(314.962291133524, 2.7791318270770944)
(316.0132949242537, 4.8811394085367965)
(319.16630629644317, 6.983146989996385)
(322.3193176686326, 8.034150780726236)
(325.47232904082216, 6.983146989996385)
(328.6253404130116, 6.983146989996385)
(331.77835178520104, 6.983146989996385)
(334.9313631573905, 6.983146989996385)
(339.13537832030977, 6.983146989996385)
(344.3903972739588, 6.983146989996385)
(347.54340864614824, 6.983146989996385)
(349.64541622760794, 6.983146989996385)
(352.7984275997974, 6.983146989996385)
(358.0534465534464, 6.983146989996385)
(361.20645792563596, 9.085154571455973)
(363.30846550709555, 13.289169734375264)
(363.30846550709555, 17.493184897294555)
(364.3594692978254, 20.646196269483994)
(366.461476879285, 23.799207641673433)
(369.6144882514744, 24.850211432403285)
(373.8185034143937, 24.850211432403285)
(378.022518577313, 24.850211432403285)
(383.27753753096204, 24.850211432403285)
(386.4305489031516, 22.748203850943696)
(390.63456406607077, 19.595192478754143)
(392.73657164753047, 16.442181106564703)
(397.9915906011795, 15.391177315834966)
(402.1956057640988, 13.289169734375264)
(407.4506247177479, 13.289169734375264)
(411.6546398806672, 13.289169734375264)
(416.90965883431625, 13.289169734375264)
(423.2156815786951, 12.238165943645527)
(427.4196967416144, 14.340173525105115)
(431.6237119045337, 16.442181106564703)
(435.827727067453, 17.493184897294555)
(438.98073843964244, 17.493184897294555)
(443.1847536025617, 20.646196269483994)
(445.2867611840213, 24.850211432403285)
(443.1847536025617, 29.054226595322575)
(438.98073843964244, 31.156234176782164)
(433.7257194859933, 32.207237967512015)
(429.5217043230741, 32.207237967512015)
(425.3176891601548, 32.207237967512015)
(417.9606626250461, 32.207237967512015)
(412.70564367139696, 32.207237967512015)
(408.50162850847767, 32.207237967512015)
(404.2976133455585, 34.3092455489716)
(399.04259439190935, 37.462256921161156)
(392.73657164753047, 40.615268293350596)
(388.5325564846112, 43.768279665540035)
(387.4815526938813, 47.972294828459326)
(390.63456406607077, 52.1763099913785)
(395.8895830197199, 54.278317572838205)
(401.14460197336894, 55.329321363568056)
(405.3486171362882, 57.431328945027644)
(410.60363608993737, 58.482332735757495)
(413.7566474621268, 61.635344107946935)
(420.0626702065057, 63.73735168940652)
(421.11367399723554, 68.99237064305566)
(419.01166641577595, 72.1453820152451)
(415.8586550435864, 76.3493971781644)
(412.70564367139696, 80.55341234108369)
(410.60363608993737, 82.65541992254327)
(409.5526322992075, 88.96144266692215)
(414.80765125285666, 91.06345024838186)
(419.01166641577595, 92.11445403911159)
(424.266685369425, 95.26746541130115)
(427.4196967416144, 97.36947299276073)
(432.67471569526356, 100.52248436495017)
(438.98073843964244, 102.62449194640976)
(442.1337498118319, 104.72649952786946)
(447.388768765481, 106.82850710932905)
(451.5927839284002, 108.93051469078875)
(457.8988066727792, 113.13452985370805)
(463.1538256264282, 113.13452985370805)
(467.3578407893475, 114.18553364443778)
(472.61285974299665, 116.28754122589748)
(478.9188824873755, 119.44055259808692)
(486.27590902248426, 120.49155638881678)
(490.47992418540355, 123.64456776100621)
(494.6839393483227, 125.7465753424658)
(498.887954511242, 126.79757913319565)
(503.0919696741613, 129.9505905053851)
(508.34698862781045, 131.00159429611494)
(512.5510037907296, 135.20560945903412)
(516.755018953649, 136.25661324976397)
(519.9080303258385, 139.4096246219534)
(522.0100379072979, 143.6136397848727)
(524.1120454887576, 147.817654947792)
(523.0610416980279, 152.02167011071128)
(516.755018953649, 152.02167011071128)
(508.34698862781045, 152.02167011071128)
(500.9899620927017, 152.02167011071128)
(487.326912813214, 147.817654947792)
(482.07189385956497, 150.97066631998143)
(470.51085216153695, 150.97066631998143)
(462.10282183569836, 150.97066631998143)
(453.6947915098599, 148.86865873852184)
(442.1337498118319, 148.86865873852184)
(434.77672327672315, 148.86865873852184)
(424.266685369425, 152.02167011071128)
(417.9606626250461, 152.02167011071128)
(410.60363608993737, 152.02167011071128)
(405.3486171362882, 152.02167011071128)
(399.04259439190935, 154.12367769217087)
(392.73657164753047, 157.2766890643603)
(388.5325564846112, 159.37869664582)
(378.022518577313, 159.37869664582)
(368.5634844607447, 162.53170801800945)
(364.3594692978254, 162.53170801800945)
(359.10445034417626, 166.73572318092874)
(352.7984275997974, 169.88873455311818)
(344.3903972739588, 171.99074213457777)
(337.03337073885007, 177.2457610882269)
(331.77835178520104, 181.4497762511462)
(328.6253404130116, 187.75579899552508)
(324.4213252500923, 190.90881036771452)
(318.11530250571343, 198.26583690282325)
(316.0132949242537, 205.62286343793198)
(316.0132949242537, 209.82687860085127)
(316.0132949242537, 217.18390513596)
(316.0132949242537, 222.43892408960903)
(317.0642987149836, 230.8469544154476)
(323.37032145936246, 237.1529771598265)
(323.37032145936246, 240.30598853201593)
(327.57433662228175, 243.45899990420537)
(332.8293555759309, 247.66301506712466)
(339.13537832030977, 251.86703023004395)
(345.44140106468865, 256.07104539296324)
(351.7474238090675, 260.27506055588253)
(357.00244276271667, 264.4790757188018)
(363.30846550709555, 267.63208709099126)
(371.71649583293413, 273.93810983537014)
(380.1245261587726, 278.14212499828943)
(386.4305489031516, 280.244132579749)
(395.8895830197199, 282.3461401612087)
(405.3486171362882, 288.6521629055876)
(412.70564367139696, 290.7541704870472)
(417.9606626250461, 297.0601932314262)
(424.266685369425, 302.3152121850752)
(428.47070053234427, 304.4172197665349)
(435.827727067453, 306.5192273479945)
(444.23575739329146, 309.67223872018394)
(448.43977255621076, 313.87625388310323)
(456.84780288204934, 313.87625388310323)
(462.10282183569836, 314.9272576738331)
(468.40884458007736, 318.0802690460225)
(477.8678786966457, 320.1822766274821)
(487.326912813214, 320.1822766274821)
(492.58193176686314, 323.33528799967155)
(502.04096588343157, 326.488299371861)
(509.3979924185402, 325.43729558113125)
(518.8570265351085, 323.33528799967155)
(529.3670644424068, 323.33528799967155)
(535.6730871867857, 317.02926525529267)
(544.0811175126242, 312.8252500923734)
(553.5401516291926, 307.57023113872435)
(561.9481819550311, 303.36621597580506)
(569.3052084901398, 297.0601932314262)
(576.6622350252486, 291.80517427777704)
(581.9172539788977, 289.70316669631745)
(591.3762880954661, 288.6521629055876)
(602.9373297934941, 283.39714395193846)
(613.4473677007921, 283.39714395193846)
(633.4164397246587, 279.1931287890193)
(637.6204548875779, 274.9891136261)
(650.2325003763359, 276.04011741682973)
(659.6915344929042, 276.04011741682973)
(672.303579981662, 278.14212499828943)
(680.7116103075006, 278.14212499828943)
(691.2216482147986, 280.244132579749)
(695.425663377718, 284.4481477426683)
(704.8846974942863, 288.6521629055876)
(710.1397164479355, 290.7541704870472)
(715.3947354015844, 301.26420839434536)
(714.3437316108547, 306.5192273479945)
(711.1907202386652, 318.0802690460225)
(701.7316861220969, 318.0802690460225)
(690.1706444240689, 323.33528799967155)
(677.5585989353111, 326.488299371861)
(670.2015724002023, 328.5903069533207)
(660.742538283634, 330.6923145347803)
(653.3855117485253, 332.79432211624)
(642.8754738412271, 335.9473334884294)
(634.4674435153885, 341.20235244207845)
(626.0594131895499, 345.40636760499774)
(616.6003790729816, 346.4573713957276)
(606.0903411656835, 350.6613865586469)
(602.9373297934941, 353.8143979308363)
(590.3252843047361, 353.8143979308363)
(581.9172539788977, 356.96740930302576)
(572.4582198623292, 358.0184130937556)
(564.0501895364908, 359.06941688448535)
(557.7441667921117, 359.06941688448535)
(552.4891478384628, 361.17142446594505)
(545.132121303354, 367.47744721032393)
(537.7750947682454, 370.6304585825134)
(528.316060651677, 372.732466163973)
(525.1630492794874, 373.78346995470287)
(513.6020075814596, 376.9364813268923)
(510.44899620927015, 377.9874851176221)
(502.04096588343157, 382.1915002805414)
(498.887954511242, 388.4975230249203)
(495.7349431390526, 394.8035457692992)
(495.7349431390526, 404.2625798858676)
(498.887954511242, 416.8746253746254)
(506.24498104635074, 420.02763674681484)
(514.6530113721893, 424.2316519097341)
(523.0610416980279, 430.537674654113)
(529.3670644424068, 433.6906860263025)
(534.6220833960559, 439.9967087706814)
(541.9791099311645, 442.098716352141)
(549.3361364662734, 444.20072393360067)
(557.7441667921117, 448.4047390965199)
(567.2032009086803, 448.4047390965199)
(576.6622350252486, 453.65975805016905)
(585.0702653510872, 456.8127694223585)
(591.3762880954661, 462.06778837600757)
(597.682310839845, 467.32280732965665)
(603.9883335842238, 469.4248149111163)
(608.192348747143, 473.6288300740356)
(613.4473677007921, 478.8838490276847)
(616.6003790729816, 484.13886798133376)
(618.7023866544413, 487.2918793535232)
(620.804394235901, 497.80191726082137)
(620.804394235901, 503.05693621447045)
(615.5493752822518, 507.26095137738974)
(609.243352537873, 510.4139627495792)
(602.9373297934941, 513.5669741217687)
(595.5803032583852, 514.6179779124984)
(586.1212691418169, 516.7199854939581)
(573.5092236530592, 516.7199854939581)
(569.3052084901398, 518.8219930754177)
(556.693163001382, 524.0770120290669)
(547.2341288848137, 525.1280158197967)
(536.7240909775154, 529.3320309827159)
(529.3670644424068, 529.3320309827159)
(519.9080303258385, 532.4850423549053)
(507.2959848370805, 535.6380537270948)
(499.93895830197187, 536.6890575178247)
(495.7349431390526, 538.7910650992842)
(489.4289203946737, 540.8930726807439)
(483.1228976502948, 544.0460840529333)
(477.8678786966457, 545.0970878436632)
(473.6638635337264, 546.148091634393)
(466.30683699861765, 547.1990954251228)
(460.0008142542388, 550.3521067973122)
(454.74579530058975, 555.6071257509614)
(451.5927839284002, 559.8111409138806)
(447.388768765481, 565.0661598675297)
(445.2867611840213, 567.1681674489894)
(440.0317422303723, 569.2701750304491)
(435.827727067453, 573.4741901933683)
(432.67471569526356, 580.831216728477)
(426.36869295088457, 586.086235682126)
(423.2156815786951, 592.392258426505)
(422.1646777879654, 595.5452697986944)
(413.7566474621268, 607.1063114967225)
(419.01166641577595, 610.2593228689119)
(419.01166641577595, 616.5653456132908)
(424.266685369425, 623.9223721483995)
(429.5217043230741, 629.1773911020487)
(437.9297346489126, 634.4324100556977)
(445.2867611840213, 639.6874290093468)
(452.64378771913005, 644.9424479629959)
(461.0518180449686, 654.4014820795643)
(471.5618559522668, 662.8095124054028)
(476.8168749059158, 662.8095124054028)
(483.1228976502948, 672.2685465219712)
(488.37791660394385, 679.6255730570799)
(489.4289203946737, 688.0336033829185)
(489.4289203946737, 700.6456488716763)
(489.4289203946737, 706.9516716160551)
(486.27590902248426, 714.3086981511639)
(482.07189385956497, 718.5127133140832)
(472.61285974299665, 723.7677322677323)
(467.3578407893475, 723.7677322677323)
(461.0518180449686, 725.8697398491919)
(454.74579530058975, 726.9207436399217)
(445.2867611840213, 726.9207436399217)
(425.3176891601548, 726.9207436399217)
(415.8586550435864, 723.7677322677323)
(404.2976133455585, 723.7677322677323)
(393.7875754382603, 723.7677322677323)
(384.3285413216919, 719.563717104813)
(372.76749962366387, 716.4107057326235)
(365.41047308855514, 714.3086981511639)
(358.0534465534464, 714.3086981511639)
(347.54340864614824, 713.257694360434)
(344.3903972739588, 712.2066905697043)
(335.98236694812033, 710.1046829882446)
(324.4213252500923, 708.002675406785)
(313.91128734279414, 706.9516716160551)
(310.7582759706047, 706.9516716160551)
(305.50325701695556, 704.8496640345955)
(300.24823806330653, 703.7986602438657)
(290.7892039467381, 701.696652662406)
(287.63619257454866, 701.696652662406)
(285.53418499308907, 700.6456488716763)
(279.2281622487101, 700.6456488716763)
(277.1261546672505, 701.696652662406)
(270.8201319228716, 701.696652662406)
(264.51410917849273, 702.7476564531358)
(262.41210159703303, 702.7476564531358)
(256.10607885265415, 704.8496640345955)
(251.90206368973486, 706.9516716160551)
(246.64704473608583, 710.1046829882446)
(241.3920257824367, 710.1046829882446)
(229.83098408440867, 710.1046829882446)
(226.67797271221923, 713.257694360434)
(219.3209461771105, 723.7677322677323)
(214.06592722346147, 732.1757625935708)
(210.91291585127203, 738.4817853379498)
(210.91291585127203, 744.7878080823286)
(210.91291585127203, 751.0938308267075)
(216.16793480492106, 757.3998535710864)
(222.47395754929994, 763.7058763154653)
